0	0.0250789914668
1	-0.0308074849827
2	-0.075637023213
3	0.0766932094001
4	0.0455557542557
5	0.067563126127
6	0.0173576621129
7	-0.00701703328551
8	0.116492267368
9	0.136134989736
10	0.11260331257
11	0.205478106532
12	0.107807742677
13	0.148727629439
14	0.14168929316
15	0.153079414052
16	0.19380004396
17	0.267759203699
18	0.162008965882
19	0.184391981583
20	0.119683277199
21	0.17322876126
22	0.174741173948
23	0.270882147455
24	0.297096146856
25	0.322047769179
26	0.259238264424
27	0.248659623949
28	0.258238424674
29	0.23911758447
30	0.275831347264
31	0.27296986616
32	0.313606424441
33	0.277867473562
34	0.329401195472
35	0.284805968847
36	0.300375211535
37	0.325308926702
38	0.33951891908
39	0.385151801726
40	0.344846513199
41	0.335939456767
42	0.460163863892
43	0.407285945155
44	0.369360868368
45	0.416087756758
46	0.404946732547
47	0.422423283772
48	0.494721603837
49	0.46253768366
50	0.569386636164
51	0.41215981151
52	0.541179780003
53	0.467329752145
54	0.567428991749
55	0.591650885254
56	0.432394307466
57	0.479993368204
58	0.472343723356
59	0.427345123244
60	0.56796431321
61	0.64779625531
62	0.620430683873
63	0.527734401355
64	0.606114700696
65	0.628737897415
66	0.631725020791
67	0.61919407577
68	0.729047096433
69	0.600238630618
70	0.618217208013
71	0.631413614517
72	0.567615187388
73	0.559783765687
74	0.678668000147
75	0.677324967499
76	0.644688920209
77	0.710655595291
78	0.687192215953
79	0.741276528489
80	0.746343028209
81	0.729565468423
82	0.817326572735
83	0.886133236605
84	0.676090860593
85	0.749109450341
86	0.72365024441
87	0.753918628035
88	0.824133992014
89	0.78936784017
90	0.700286300023
91	0.749457067503
92	0.860181993581
93	0.849066050666
94	0.821389177005
95	0.749244589677
96	0.767931612323
97	0.782279206985
98	0.87055648024
99	0.866247803196
100	0.852933346343
101	0.76900746237
102	0.899064438401
103	0.879296212427
104	0.888336121741
105	0.883270268527
106	0.894459043505
107	0.914999900668
108	0.94407578471
109	0.868083822309
110	0.911331195472
111	0.934213886961
112	0.841919614553
113	1.00807288124
114	0.953810016724
115	0.890144986665
116	0.965119418821
117	0.919068447687
118	0.930236048915
119	0.897034885061
120	1.02063099267
121	0.903084546933
122	0.980790405387
123	1.03279028025
124	0.978378609631
125	0.940214296091
126	0.973013803898
127	0.946020258437
128	1.00993480533
129	0.944248024865
130	0.994918134854
131	0.918199658134
132	1.05029930624
133	0.970591852704
134	1.01546853111
135	0.989027800917
136	0.978540241777
137	0.995054872728
138	1.01265535547
139	0.965098309654
140	1.01757108331
141	1.01522006962
142	0.977808839465
143	1.04826673611
144	0.992012398746
145	0.915605846334
146	0.999071767762
147	0.945870059364
148	1.02213671789
149	0.988685755728
150	0.966244055804
151	1.00083172205
152	0.981225706788
153	1.05396356374
154	1.00819750129
155	1.03302204585
156	0.927117595415
157	0.939407097455
158	0.948623022549
159	1.01240207448
160	0.917961123096
161	0.995439466455
162	0.88613545678
163	0.984604294127
164	0.979987865154
165	1.05284321271
166	0.988926419302
167	1.03019026737
168	0.955174614092
169	1.00167229685
170	0.919075832349
171	1.03857016648
172	1.02616708264
173	0.957512017633
174	1.00927595379
175	0.94051550976
176	0.946080733921
177	0.950196229462
178	0.965183039266
179	0.992294437162
180	1.00745599254
181	1.03974483612
182	0.887056050897
183	0.950226277912
184	0.937387252795
185	0.924668228554
186	0.934402491039
187	0.984430786083
188	0.970042920271
189	0.954262001763
190	0.919308253804
191	0.876789717515
192	0.88963225745
193	0.869792579808
194	0.920934580042
195	0.938764559415
196	0.90579111292
197	0.923743441046
198	0.913044012377
199	0.815360174063
200	0.893208366602
201	0.947654641008
202	0.931015107579
203	0.820651857231
204	0.943320043501
205	0.912613858643
206	0.890940876703
207	0.906371470927
208	0.89993278573
209	0.86544676751
210	0.874898580658
211	0.827380755378
212	0.847609956995
213	0.887207817141
214	0.800479932736
215	0.860320333551
216	0.81029996405
217	0.863974927125
218	0.925445539028
219	0.790814553663
220	0.793470237714
221	0.757445156787
222	0.783690764702
223	0.824949059126
224	0.859821331541
225	0.759805074821
226	0.708455775793
227	0.77687730879
228	0.798572720331
229	0.860106448971
230	0.725831796718
231	0.726022360523
232	0.770511461947
233	0.700725519059
234	0.714953202811
235	0.702880591767
236	0.736670112564
237	0.670518081983
238	0.711930545368
239	0.689037424903
240	0.596432810199
241	0.614228165819
242	0.608035041183
243	0.697930339764
244	0.635740861843
245	0.643305123954
246	0.589651836417
247	0.625315243452
248	0.616056094107
249	0.55973090027
250	0.597976617482
251	0.553733549554
252	0.654684283694
253	0.532119349858
254	0.56767211302
255	0.581733045037
256	0.563092468357
257	0.483135606513
258	0.578662276327
259	0.516692465496
260	0.543922475651
261	0.457475881733
262	0.490770335284
263	0.422020533682
264	0.40773070551
265	0.478637011948
266	0.49170284193
267	0.422927034971
268	0.453964297708
269	0.472166351951
270	0.456280503263
271	0.494593011761
272	0.393368592597
273	0.354560737577
274	0.446345109043
275	0.386118109409
276	0.32688289674
277	0.393072634706
278	0.385016816857
279	0.289219350586
280	0.393950313194
281	0.28284994955
282	0.381409744849
283	0.27285982057
284	0.220141234844
285	0.266617332973
286	0.317202136581
287	0.265738299261
288	0.234906357397
289	0.187008426927
290	0.188209279463
291	0.234088747687
292	0.174537984843
293	0.155603160795
294	0.156541609224
295	0.228346692072
296	0.206573725873
297	0.173347812626
298	0.184308345232
299	0.271320245733
300	0.216291285921
301	0.070000306993
302	0.0530313566043
303	0.0902345224856
304	0.0734468438791
305	0.093787480491
306	0.0844623789683
307	0.00131234163126
308	0.0283550911204
309	0.0475836003765
310	0.0795573274539
311	0.0185553848269
312	0.0206668294641
313	0.0173930546666
314	-0.097238310364
315	0.00481773632288
316	-0.0821071292406
317	-0.0125313515802
318	0.00437185077348
319	-0.0177597040445
320	-0.0300697819041
321	-0.0880612942926
322	-0.147628988826
323	-0.105353346548
324	-0.166001371734
325	-0.144097359007
326	-0.0951736405836
327	-0.156463784378
328	-0.106058912017
329	-0.138815429702
330	-0.308214055234
331	-0.20374096238
332	-0.171889244282
333	-0.159793381737
334	-0.177262154762
335	-0.189265794976
336	-0.208277509498
337	-0.157615722914
338	-0.267402682979
339	-0.235155185548
340	-0.305359739376
341	-0.249389793992
342	-0.279639470259
343	-0.20599342438
344	-0.268651406646
345	-0.363085767364
346	-0.30947860302
347	-0.327609232316
348	-0.427022372688
349	-0.412068410775
350	-0.349075777741
351	-0.295208975637
352	-0.389531102204
353	-0.414925194991
354	-0.449416706241
355	-0.412179956393
356	-0.493159041889
357	-0.323156644697
358	-0.493791346882
359	-0.396206624534
360	-0.460198971973
361	-0.428027889085
362	-0.579003685019
363	-0.503143096981
364	-0.523312086767
365	-0.623884755794
366	-0.509003622159
367	-0.528239641218
368	-0.406712484889
369	-0.468870273217
370	-0.542083115281
371	-0.481790361701
372	-0.586600917105
373	-0.539903735847
374	-0.639294626115
375	-0.602473705066
376	-0.649705967755
377	-0.593985360658
378	-0.565437457582
379	-0.674023774399
380	-0.605535753037
381	-0.581637929712
382	-0.633672516155
383	-0.620377095092
384	-0.627487399152
385	-0.584590350876
386	-0.577141336218
387	-0.769097599568
388	-0.76748723335
389	-0.702304387417
390	-0.640988366303
391	-0.680624091434
392	-0.648527791272
393	-0.697450549064
394	-0.651567018431
395	-0.735301483936
396	-0.751001047316
397	-0.665997379105
398	-0.708104098353
399	-0.807758841646
400	-0.744583145327
401	-0.853462949864
402	-0.744448956459
403	-0.730898630496
404	-0.731775358721
405	-0.767067516
406	-0.756983955036
407	-0.84005788901
408	-0.817117569168
409	-0.862162237133
410	-0.81130527722
411	-0.822731627147
412	-0.873739088695
413	-0.892978823338
414	-0.903735581833
415	-0.831126658055
416	-0.787636136998
417	-0.897774828953
418	-0.848757622245
419	-0.903448530192
420	-0.857744146814
421	-0.835224209569
422	-0.849771686527
423	-0.822636847699
424	-0.917005010357
425	-0.882906454345
426	-0.857428022488
427	-0.921631261202
428	-0.907313532328
429	-0.987886344416
430	-0.927453998763
431	-0.999438388074
432	-0.935517561623
433	-0.900296473679
434	-0.943360744773
435	-0.998863651154
436	-0.953787576381
437	-0.979887494892
438	-0.838457661508
439	-0.895937604383
440	-0.876702211569
441	-0.986392827357
442	-0.936676180127
443	-0.996777182787
444	-0.946445928393
445	-0.925819732522
446	-0.893910643614
447	-0.985588175609
448	-0.909301279399
449	-1.02055460626
450	-1.05208161112
451	-0.968834787381
452	-1.05541179709
453	-0.96606785786
454	-1.02079226218
455	-0.872204688753
456	-1.01901645939
457	-1.02722393672
458	-1.01178329464
459	-0.946056079006
460	-0.880793439338
461	-0.934223954531
462	-1.02794745272
463	-0.977313971521
464	-0.92528595776
465	-1.07062452495
466	-1.01671351429
467	-0.958758700256
468	-1.06319144049
469	-1.01736287722
470	-1.01684926075
471	-0.966206908781
472	-1.01693206317
473	-0.946491349531
474	-1.00345741967
475	-1.05464522042
476	-1.05191715504
477	-1.01431951722
478	-0.987734758821
479	-0.920989125868
480	-1.05914324847
481	-1.06429872779
482	-0.988203598389
483	-1.06809909756
484	-1.06811910175
485	-1.04211753577
486	-1.04545410638
487	-0.926929073854
488	-0.943393099178
489	-0.957054277126
490	-0.925267902367
491	-0.977888310426
492	-0.989459524348
493	-0.971329482961
494	-0.981302129902
495	-0.899848335206
496	-0.962646605776
497	-0.92684209579
498	-0.965257624455
499	-0.927237830264
500	-0.871997946361
501	-0.922026844337
502	-0.849315329782
503	-0.989132006227
504	-0.943089716118
505	-0.990466729085
506	-0.950637804164
507	-0.929662652009
508	-0.952892063844
509	-0.913325292257
510	-0.972215603666
511	-1.01941306148
512	-0.924774097807
513	-0.949538083225
514	-0.904376818221
515	-0.983558938942
516	-0.959007504609
517	-0.872438529721
518	-0.82877892027
519	-0.830132058647
520	-0.895240121068
521	-0.864831315318
522	-0.806386478419
523	-0.963244129251
524	-0.802400010871
525	-0.849741847718
526	-0.943059505743
527	-0.933799894855
528	-0.81240067902
529	-0.784243741978
530	-0.757149608951
531	-0.876726500125
532	-0.725470514419
533	-0.909645586356
534	-0.771037833753
535	-0.793247757162
536	-0.78213645942
537	-0.81745313829
538	-0.772458344867
539	-0.726989455811
540	-0.799674877176
541	-0.696026934099
542	-0.672738249222
543	-0.704299567821
544	-0.760949590196
545	-0.76036749256
546	-0.729160648363
547	-0.634951756974
548	-0.732084699472
549	-0.801799271692
550	-0.691208255765
551	-0.769641487452
552	-0.697408320103
553	-0.672810967485
554	-0.700447276557
555	-0.667719862075
556	-0.581906333681
557	-0.623490021496
558	-0.753284102767
559	-0.626165421624
560	-0.661023566417
561	-0.653334812213
562	-0.55654768924
563	-0.619172001039
564	-0.573265250627
565	-0.567744000476
566	-0.580516827688
567	-0.587656364345
568	-0.553191595608
569	-0.594601524965
570	-0.600674799289
571	-0.516077881134
572	-0.46909122054
573	-0.624784966161
574	-0.467895864218
575	-0.52896298501
576	-0.460582999584
577	-0.430271601743
578	-0.442590611561
579	-0.474345555814
580	-0.550779901229
581	-0.489519291094
582	-0.451529406868
583	-0.477555748247
584	-0.424569840984
585	-0.51933109515
586	-0.480705386403
587	-0.439150040259
588	-0.477683965031
589	-0.361446648896
590	-0.342823639739
591	-0.338956601301
592	-0.292568014772
593	-0.288551560665
594	-0.3000074789
595	-0.349166359796
596	-0.349728850017
597	-0.284194261642
598	-0.309092821645
599	-0.244394823367
600	-0.234749811654
601	-0.301607622631
602	-0.244361441242
603	-0.24428769148
604	-0.209146665886
605	-0.192177842058
606	-0.183209853071
607	-0.158574712127
608	-0.143575476672
609	-0.178051221062
610	-0.160290445452
611	-0.0864647637107
612	-0.210077682455
613	-0.147269188911
614	-0.153493584765
615	-0.138212543737
616	-0.126519460371
617	-0.115875194251
618	-0.113118964792
619	-0.100371528599
620	-0.0953870385219
621	-0.124483751694
622	-0.0324444850164
623	0.0118821161468
624	-0.0112398843362
625	-0.076811171539
626	-0.0833867704351
627	-0.0249324257261
628	0.0755437917506
629	-0.00273697947724
630	0.0963518454738
631	0.0484632467195
632	0.0462371090541
633	0.0599091997092
634	0.0126748032801
635	0.0926935984738
636	0.100312383253
637	0.0476417933414
638	0.116242483997
639	0.0642719008857
640	0.0923700972489
641	0.100182235026
642	0.122410655123
643	0.210858929287
644	0.0917934958
645	0.093827852623
646	0.165097635622
647	0.172955231162
648	0.185276764632
649	0.152487588856
650	0.204303108966
651	0.204617306943
652	0.155712513541
653	0.306999487478
654	0.268761939215
655	0.282222577704
656	0.248073173891
657	0.209396350638
658	0.390148768448
659	0.30488491534
660	0.208964239111
661	0.339974033839
662	0.369855050499
663	0.428895849401
664	0.269861657264
665	0.32883889508
666	0.391208485024
667	0.408484793011
668	0.337109020302
669	0.279706023906
670	0.380471711956
671	0.335649113057
672	0.474090118547
673	0.465440266615
674	0.452309829836
675	0.432928329986
676	0.554720480049
677	0.428458293564
678	0.565283204048
679	0.581072811907
680	0.463863271924
681	0.450535626389
682	0.512334307158
683	0.528209734787
684	0.629884390526
685	0.545722375787
686	0.476637016995
687	0.544098558421
688	0.599015953712
689	0.67408268472
690	0.577105399123
691	0.665154731609
692	0.686856036322
693	0.666106876028
694	0.592552519147
695	0.732611246924
696	0.657044825499
697	0.614222515769
698	0.669723023193
699	0.68127313262
700	0.626889716288
701	0.611213154664
702	0.69725766089
703	0.707623648346
704	0.631684928992
705	0.608889252992
706	0.642916037489
707	0.672724836621
708	0.804659916802
709	0.825534108861
710	0.732762688219
711	0.709171357705
712	0.719076164295
713	0.736248484509
714	0.731221774142
715	0.680832077829
716	0.728624643474
717	0.861456929132
718	0.756136968843
719	0.850582364445
720	0.853137534637
721	0.817007781323
722	0.773664193266
723	0.734729093388
724	0.806936271286
725	0.809506317624
726	0.861639126814
727	0.853374501591
728	0.880758945755
729	0.891388129691
730	0.845820190333
731	0.90918228333
732	0.852178396559
733	0.830081342285
734	0.900232817991
735	0.963527281771
736	0.93165911268
737	0.911579251856
738	0.868333203639
739	0.84755234049
740	0.906329571083
741	0.848889904147
742	0.949675188437
743	0.870551613575
744	0.998010101136
745	0.929684493538
746	0.922728492484
747	0.912228269601
748	0.895650927945
749	0.943423056175
750	0.897969266318
751	0.898477451567
752	0.993586317948
753	0.972150450252
754	0.89434725554
755	0.900879531759
756	1.07466082539
757	1.05190375837
758	0.987827866921
759	0.956986534194
760	0.96184184624
761	0.972798123739
762	0.884959783625
763	1.00015908832
764	0.924080640582
765	0.971666258437
766	0.971915205932
767	1.02860297062
768	0.979956901694
769	1.04622814997
770	1.01994689138
771	0.953009159936
772	0.996594967239
773	1.01646753422
774	1.0076847518
775	1.04319056301
776	1.03613510717
777	0.979797163566
778	0.952282844792
779	0.942884878762
780	0.986316189611
781	1.01002757144
782	0.960458802969
783	1.06881997566
784	0.951120242709
785	1.09371252643
786	1.04513051981
787	0.977577621508
788	0.971188413677
789	0.979116165829
790	0.979299056301
791	0.937802024899
792	0.965691122576
793	1.11041759102
794	0.946234997876
795	1.06061780772
796	1.05729431425
797	0.983923680821
798	0.998885822606
799	0.977633696224
800	0.990997568704
801	0.95888866705
802	0.890235401751
803	1.00550855625
804	0.978306985108
805	1.02804982151
806	0.901483207045
807	1.03775390583
808	1.02703702881
809	0.976397088109
810	1.01700586627
811	0.990057435535
812	0.922809147539
813	0.892300449005
814	0.9212347845
815	0.937333239491
816	1.01458162214
817	1.03161740693
818	0.917665153759
819	0.93358610164
820	0.938695331075
821	0.916879044609
822	0.977485224374
823	0.945022009165
824	0.987772047571
825	0.867493860721
826	0.983666708922
827	0.996957635891
828	0.80473833353
829	0.871116728858
830	0.870883790239
831	0.85203386543
832	0.889317574846
833	0.889465836329
834	0.779956578856
835	0.886549066992
836	0.91660972639
837	0.847747303246
838	0.916915385151
839	0.883270968855
840	0.861472630286
841	0.769597706488
842	0.732606437607
843	0.872440163878
844	0.777668759528
845	0.78259054809
846	0.807127145559
847	0.798369361076
848	0.867693607607
849	0.782289334944
850	0.83896462708
851	0.850826325414
852	0.863896858959
853	0.787510861082
854	0.728852859328
855	0.74590358723
856	0.771176918787
857	0.692024926701
858	0.840403565882
859	0.723579989038
860	0.707115896412
861	0.740338132436
862	0.730604288965
863	0.690187161576
864	0.724038482066
865	0.63890145026
866	0.684338124447
867	0.774093355857
868	0.575887784484
869	0.649462934622
870	0.607555718908
871	0.600295589248
872	0.523332234756
873	0.682541341551
874	0.645616173628
875	0.637259592445
876	0.692547759568
877	0.461388139115
878	0.602601845962
879	0.587751936547
880	0.63150351399
881	0.577017030592
882	0.556970197358
883	0.560133755739
884	0.535563071129
885	0.585971646911
886	0.532186733282
887	0.495308133093
888	0.524508295546
889	0.490169398036
890	0.429033024917
891	0.416050131915
892	0.476941481985
893	0.438640139032
894	0.505977773987
895	0.408378250629
896	0.409367936243
897	0.365391933977
898	0.419166367119
899	0.490514393491
900	0.367454449886
901	0.383427488383
902	0.388610502525
903	0.412624582385
904	0.389992966733
905	0.376930323619
906	0.324178671511
907	0.360379607094
908	0.416716133468
909	0.237483593791
910	0.254946082736
911	0.310700385679
912	0.294776579579
913	0.287735028461
914	0.354106173827
915	0.268377060943
916	0.206578553839
917	0.212107685218
918	0.242836774535
919	0.258599739457
920	0.131544905084
921	0.229744302582
922	0.254777482859
923	0.138156492236
924	0.18907828452
925	0.219695940381
926	0.133411246607
927	0.137925964828
928	0.152702927032
929	0.143637541163
930	0.126800640866
931	0.0927712191819
932	0.0882510034744
933	0.134603922946
934	0.00114727165508
935	0.00201393758978
936	0.0703205936198
937	0.0332020593685
938	0.0759082873
939	0.0103477196358
940	0.0419175704014
941	0.0411139956741
942	0.0210730395946
943	-0.0820847222469
944	0.0758022877415
945	-0.0973294095333
946	-0.0398429872592
947	0.01728406199
948	-0.0186947034639
949	-0.0242926333839
950	0.023690011523
951	-0.176408869142
952	-0.145553518929
953	-0.132397759475
954	-0.0955756319428
955	-0.104202224749
956	-0.162226857919
957	-0.155670767468
958	-0.148251986027
959	-0.138476563774
960	-0.110613461615
961	-0.164973676232
962	-0.218733506259
963	-0.25665198803
964	-0.283537826613
965	-0.185729792344
966	-0.195014737919
967	-0.34045379996
968	-0.299633305854
969	-0.134918293511
970	-0.262667193174
971	-0.242264683343
972	-0.293216665977
973	-0.291955249236
974	-0.269570142922
975	-0.351076802906
976	-0.441663635038
977	-0.334954747154
978	-0.313028252376
979	-0.261966398433
980	-0.350011094902
981	-0.317731484631
982	-0.405274415336
983	-0.433759989699
984	-0.3334440255
985	-0.366371383495
986	-0.332963488813
987	-0.364741195175
988	-0.385598711409
989	-0.511551346501
990	-0.407926342129
991	-0.466507304544
992	-0.412549414683
993	-0.492080067707
994	-0.409457846667
995	-0.582481972009
996	-0.420492827349
997	-0.49417578405
998	-0.559426310393
999	-0.551408495888
