0	-0.0126490958228
1	0.0275256503436
2	0.0559359815655
3	0.0747610064762
4	0.0833480133619
5	0.11354564686
6	0.101609611571
7	0.110148141076
8	0.119967900529
9	0.132884220924
10	0.134946593078
11	0.133213245761
12	0.157131705545
13	0.159006040665
14	0.163649030111
15	0.191276519413
16	0.201645953742
17	0.214872361649
18	0.220625405335
19	0.234265914193
20	0.215915639321
21	0.232004725038
22	0.219516934792
23	0.24399483192
24	0.23370431785
25	0.266034356641
26	0.278552657092
27	0.283204217913
28	0.312331674961
29	0.341437268018
30	0.330879231693
31	0.350886932019
32	0.360295503934
33	0.343945530429
34	0.348599915686
35	0.365406033782
36	0.340371128747
37	0.354058669891
38	0.375606338734
39	0.395623574038
40	0.40780892282
41	0.42670086125
42	0.436275952337
43	0.427783026806
44	0.434483062246
45	0.44529830741
46	0.474580673124
47	0.494799929353
48	0.513200871566
49	0.503240567999
50	0.503806142598
51	0.507357374629
52	0.486516332279
53	0.494845922616
54	0.521793716159
55	0.527610762963
56	0.528219723251
57	0.566151826061
58	0.57058911428
59	0.566681280654
60	0.578009915336
61	0.589959482926
62	0.58958920056
63	0.575549727752
64	0.607831050251
65	0.609808927466
66	0.639952964571
67	0.658678274617
68	0.677555427529
69	0.673306792478
70	0.691682335012
71	0.691633525927
72	0.687061994561
73	0.688492361873
74	0.683234021704
75	0.688992309411
76	0.685588016077
77	0.69999269896
78	0.712895044971
79	0.723632745771
80	0.71913374697
81	0.725015661708
82	0.715436819615
83	0.734638193193
84	0.750928051882
85	0.759501726671
86	0.743832182294
87	0.749048208836
88	0.76394383273
89	0.769138856476
90	0.773789186525
91	0.797905734937
92	0.833137228853
93	0.851393861978
94	0.843257753285
95	0.860859401975
96	0.871175395049
97	0.850436204995
98	0.827104673505
99	0.84686909548
100	0.836776447746
101	0.849604183149
102	0.863909158646
103	0.868876526552
104	0.871361919481
105	0.894352309346
106	0.890456251848
107	0.916922645882
108	0.914449237126
109	0.932357710092
110	0.909806745873
111	0.916691117915
112	0.904700838458
113	0.925959978438
114	0.89559057461
115	0.908705820188
116	0.915392490566
117	0.908178220703
118	0.896895239598
119	0.91582006692
120	0.930416164185
121	0.925250192618
122	0.940959723598
123	0.943176678841
124	0.945967459659
125	0.953763536102
126	0.948060771335
127	0.958573034491
128	0.98152219396
129	0.99561318376
130	1.0026626681
131	1.02069118963
132	1.01853713053
133	0.998888054777
134	1.00502016538
135	1.01105478372
136	1.0015392847
137	1.00116418492
138	1.01774473279
139	1.0040657884
140	0.973789113181
141	0.962790102345
142	0.952937582902
143	0.943210100724
144	0.936000250487
145	0.947033281173
146	0.946191319099
147	0.943895726097
148	0.945724191548
149	0.959652500583
150	0.969226796608
151	0.987066563663
152	0.989701257278
153	0.986072556388
154	0.994474392458
155	0.99364626634
156	1.00108947927
157	1.00359525096
158	1.02436253622
159	0.997346482045
160	0.996448168011
161	0.985315351316
162	0.984622193363
163	0.985486811721
164	0.998932406575
165	0.984652066228
166	0.987171569131
167	0.982391953613
168	0.966489823161
169	0.98083783668
170	0.994485359779
171	0.999453557101
172	0.9958830549
173	0.99371726229
174	0.964871290669
175	0.952532320053
176	0.944718946823
177	0.932899107913
178	0.929276625184
179	0.928032727954
180	0.940733321338
181	0.95369706401
182	0.955617318998
183	0.976892181789
184	0.988851580973
185	0.977513097546
186	0.957487422797
187	0.964801162029
188	0.928968497136
189	0.918388072223
190	0.913224867534
191	0.923586861046
192	0.920699783587
193	0.931479596215
194	0.931816942587
195	0.938084897016
196	0.93351354714
197	0.951937650412
198	0.952186305918
199	0.942481509225
200	0.928013657135
201	0.905824432713
202	0.885333572543
203	0.880457418354
204	0.888981017293
205	0.893811173556
206	0.909411433247
207	0.911578890734
208	0.899328426864
209	0.891707234804
210	0.868881935106
211	0.864116877306
212	0.845061291059
213	0.834266345725
214	0.837616447846
215	0.865611530746
216	0.844424655653
217	0.843731403593
218	0.846667925683
219	0.831840870317
220	0.798416130459
221	0.797939815449
222	0.796882661752
223	0.797785345431
224	0.771636243888
225	0.761394370493
226	0.752847754238
227	0.731056423022
228	0.726942088758
229	0.728861057631
230	0.706402451267
231	0.707188364922
232	0.689882484251
233	0.665850271784
234	0.688127521103
235	0.71151719554
236	0.681693692212
237	0.698760423787
238	0.71020335966
239	0.672220474675
240	0.659136154274
241	0.659170549887
242	0.649826307115
243	0.642599397939
244	0.638921924641
245	0.631321089274
246	0.631520372032
247	0.615433597672
248	0.590180012755
249	0.587983447743
250	0.578766402167
251	0.570101480769
252	0.551920446696
253	0.552556790089
254	0.541479157418
255	0.52847663218
256	0.506320743058
257	0.493588771728
258	0.491422781687
259	0.487371109963
260	0.497390674124
261	0.520983237109
262	0.527540101582
263	0.512220929323
264	0.498359614041
265	0.47590329987
266	0.438381820924
267	0.423557145934
268	0.409812767388
269	0.391739758393
270	0.381756820467
271	0.375068595452
272	0.370985890751
273	0.367977465972
274	0.365064823537
275	0.351355635037
276	0.36150232551
277	0.350261786554
278	0.343916762667
279	0.324080908736
280	0.317517004407
281	0.290383432205
282	0.268126118936
283	0.262499581373
284	0.272870004765
285	0.260652369807
286	0.251543299768
287	0.272838230932
288	0.25220823145
289	0.252653608816
290	0.253351118479
291	0.243822193893
292	0.225764883024
293	0.201155806396
294	0.174873208873
295	0.147361719752
296	0.145432550377
297	0.103537550857
298	0.105640971933
299	0.0928572979493
300	0.112025446026
301	0.0958753303365
302	0.132240628108
303	0.130348715272
304	0.122181117467
305	0.0986453370554
306	0.0895729714729
307	0.0573603979632
308	0.0435223696367
309	0.0422340970643
310	0.0444278916604
311	0.043372860533
312	0.0313942675066
313	0.0349782858675
314	0.0223377398297
315	-0.00506851155299
316	-0.0327476598374
317	-0.0404528105697
318	-0.0674818343188
319	-0.0872655102506
320	-0.114396395409
321	-0.114639765168
322	-0.121331329729
323	-0.112854078304
324	-0.141097766942
325	-0.125213992176
326	-0.140497535391
327	-0.154178777515
328	-0.179061093458
329	-0.153745319605
330	-0.171530709804
331	-0.163181631763
332	-0.18394212101
333	-0.196898151294
334	-0.221327603106
335	-0.225366037199
336	-0.249559836674
337	-0.243069038607
338	-0.236410855464
339	-0.237927588724
340	-0.235786254183
341	-0.233415165186
342	-0.258383208704
343	-0.2670729708
344	-0.287975213021
345	-0.309606769571
346	-0.347075750267
347	-0.346278207435
348	-0.353867497577
349	-0.36183769805
350	-0.367019131834
351	-0.360896044806
352	-0.379589981481
353	-0.40810202772
354	-0.408493024092
355	-0.429147760813
356	-0.44186548054
357	-0.426400005823
358	-0.424948971138
359	-0.443842099071
360	-0.465609489591
361	-0.484450749127
362	-0.515235283095
363	-0.534539928402
364	-0.533382131467
365	-0.533535519204
366	-0.536660616625
367	-0.530647219492
368	-0.539443607158
369	-0.552384415709
370	-0.541427289365
371	-0.535923124327
372	-0.555328922177
373	-0.568084780494
374	-0.561207061075
375	-0.587675673039
376	-0.591997552575
377	-0.601739673107
378	-0.592899580001
379	-0.623169322506
380	-0.610996903905
381	-0.622643230212
382	-0.609463399029
383	-0.630078740383
384	-0.614955273071
385	-0.646798913682
386	-0.663116509875
387	-0.691303528075
388	-0.701323725983
389	-0.708937005794
390	-0.710555167948
391	-0.727766767271
392	-0.73058712025
393	-0.722376896436
394	-0.745183407374
395	-0.73911769816
396	-0.721020952448
397	-0.730877611983
398	-0.740270939423
399	-0.736894251234
400	-0.757186568588
401	-0.787383950063
402	-0.798945576531
403	-0.806812285675
404	-0.821650693578
405	-0.831086513145
406	-0.83006846251
407	-0.830931106509
408	-0.833477342821
409	-0.839998754634
410	-0.832686425191
411	-0.827680198896
412	-0.827716562853
413	-0.847749813417
414	-0.839021396026
415	-0.849502689494
416	-0.85317008434
417	-0.85671004279
418	-0.848671767318
419	-0.862656499253
420	-0.849335835534
421	-0.86405182234
422	-0.86883674021
423	-0.888013107547
424	-0.912111112305
425	-0.9328812078
426	-0.929282121928
427	-0.940413237223
428	-0.940809077062
429	-0.931089925949
430	-0.942759890613
431	-0.937326356192
432	-0.940446506802
433	-0.943741906404
434	-0.943953454081
435	-0.95509327599
436	-0.967422048875
437	-0.969548153064
438	-0.966038334857
439	-0.952278661928
440	-0.936463193141
441	-0.94193999004
442	-0.953226311639
443	-0.952523965383
444	-0.972944707735
445	-0.974899484361
446	-0.993299189414
447	-0.994102285365
448	-0.996619055734
449	-1.0230794245
450	-1.01072979167
451	-0.989155168408
452	-0.996762467041
453	-0.997768717166
454	-0.988722341067
455	-1.00748061732
456	-1.04265056438
457	-1.02149111567
458	-1.03049046636
459	-1.00850928204
460	-1.009488169
461	-0.98718078836
462	-0.994701916575
463	-1.0100051793
464	-1.02040634115
465	-1.00146536761
466	-0.986795982434
467	-0.973508194465
468	-0.971072446918
469	-0.966711559031
470	-0.990848192105
471	-0.99707189576
472	-1.00549804001
473	-0.991687443687
474	-1.00039803539
475	-1.00109512742
476	-1.01822361501
477	-1.01951242681
478	-1.01858645631
479	-1.0184435889
480	-0.99235021366
481	-0.966575690368
482	-0.96536908723
483	-0.971486047688
484	-0.962899154068
485	-0.999742828417
486	-1.01691656119
487	-1.01854844303
488	-1.00893559581
489	-1.01268162076
490	-0.982891260355
491	-0.975336539259
492	-0.949899643186
493	-0.939581388752
494	-0.928520773314
495	-0.949598708498
496	-0.946815365667
497	-0.957103785602
498	-0.961363386532
499	-0.96478446543
500	-0.954945283635
501	-0.970796769859
502	-0.967156860608
503	-0.963645814773
504	-0.957489412843
505	-0.932945685183
506	-0.902511246829
507	-0.918896484017
508	-0.907563772284
509	-0.918482330131
510	-0.933068026089
511	-0.929286504904
512	-0.907601515137
513	-0.905097312006
514	-0.882567298648
515	-0.879326257929
516	-0.882333407633
517	-0.880530849378
518	-0.900053188274
519	-0.896015086076
520	-0.881558352127
521	-0.871907194301
522	-0.865833187099
523	-0.833218658951
524	-0.833903237025
525	-0.839465058508
526	-0.844366978129
527	-0.855786368318
528	-0.871617128185
529	-0.863943683647
530	-0.853526776253
531	-0.829968116925
532	-0.80501656708
533	-0.792613183716
534	-0.781740996139
535	-0.78322967011
536	-0.78855822054
537	-0.791145970173
538	-0.786144728044
539	-0.803776698204
540	-0.784771359281
541	-0.771909862191
542	-0.760604829173
543	-0.731051930659
544	-0.709730527121
545	-0.690611903115
546	-0.697375330763
547	-0.679383159848
548	-0.694436157111
549	-0.669509403512
550	-0.702634370709
551	-0.685681711383
552	-0.689379949579
553	-0.685063798217
554	-0.693854139637
555	-0.668619132729
556	-0.679835761707
557	-0.684680601949
558	-0.671923610704
559	-0.66352774343
560	-0.645779727928
561	-0.621810930629
562	-0.61227413296
563	-0.609972860535
564	-0.600518104778
565	-0.581575401756
566	-0.579196790222
567	-0.562723103595
568	-0.548720220477
569	-0.534697342619
570	-0.53250786318
571	-0.518009546826
572	-0.507711864589
573	-0.493365321611
574	-0.479097161179
575	-0.469491436562
576	-0.446740488967
577	-0.437727118009
578	-0.428313251327
579	-0.431347888308
580	-0.406880026213
581	-0.400420456637
582	-0.385401287068
583	-0.40422712261
584	-0.38815960191
585	-0.401698618072
586	-0.417709677322
587	-0.434494571423
588	-0.389979410819
589	-0.390106841211
590	-0.378685706318
591	-0.363903525726
592	-0.321242073346
593	-0.317677672607
594	-0.292862309059
595	-0.288269261772
596	-0.274132310597
597	-0.290032759852
598	-0.280499547781
599	-0.284074009787
600	-0.263884321302
601	-0.238646340336
602	-0.218411189247
603	-0.228374874326
604	-0.233050095564
605	-0.236736231805
606	-0.237604389482
607	-0.238428540198
608	-0.209492532936
609	-0.187441172005
610	-0.15720619011
611	-0.144401086799
612	-0.10737281201
613	-0.103820707508
614	-0.0998064443624
615	-0.0938820254702
616	-0.0983560249037
617	-0.0842228613925
618	-0.0648283971048
619	-0.0346266483665
620	-0.0246790879622
621	-0.013324634748
622	-0.0435311807393
623	-0.0327544121918
624	-0.0386328866095
625	-0.0256037371899
626	-0.0146920451874
627	0.008579424484
628	0.0262058895407
629	0.0460859294518
630	0.0578829770367
631	0.0825430539873
632	0.0973412621514
633	0.0966987413758
634	0.0824800943279
635	0.0743510258547
636	0.077932681403
637	0.0841016779562
638	0.0991629258524
639	0.114504110807
640	0.109683310996
641	0.131348156912
642	0.157491462067
643	0.17110533916
644	0.210291850531
645	0.219056251107
646	0.20652425611
647	0.217045362225
648	0.209177970264
649	0.193454358151
650	0.229522643602
651	0.256960832857
652	0.239369758494
653	0.258099342218
654	0.268034943385
655	0.268316700531
656	0.261417955623
657	0.271761093981
658	0.26293204772
659	0.293592804363
660	0.308751576541
661	0.32249555065
662	0.350669824626
663	0.365291533571
664	0.339370647137
665	0.346251612789
666	0.356884770814
667	0.372327855841
668	0.380712826492
669	0.397687595636
670	0.401446884484
671	0.401905953736
672	0.40807810821
673	0.400635546112
674	0.42713406115
675	0.433730066226
676	0.455445139823
677	0.465978323468
678	0.506004930616
679	0.516404491903
680	0.522316367153
681	0.523203880037
682	0.541067030076
683	0.536838486218
684	0.536574608157
685	0.547669329939
686	0.560220152612
687	0.554004097803
688	0.584699669712
689	0.604029802476
690	0.621348115675
691	0.646717288416
692	0.659205980902
693	0.646125278455
694	0.648401330918
695	0.660932463858
696	0.669685981424
697	0.6740248091
698	0.686872194533
699	0.679431808057
700	0.686548656308
701	0.669826339801
702	0.667221042108
703	0.682442731318
704	0.704074533768
705	0.708927402822
706	0.725962169657
707	0.741534209539
708	0.742473652576
709	0.752020474365
710	0.759662410032
711	0.762320195093
712	0.766606349274
713	0.789584844542
714	0.784544813046
715	0.790767185434
716	0.801021938253
717	0.804082531493
718	0.785849135114
719	0.804724235706
720	0.821467958211
721	0.821737671938
722	0.822692040786
723	0.841294715562
724	0.827003720681
725	0.838309988896
726	0.835150585733
727	0.835389545987
728	0.8241817366
729	0.836551195759
730	0.828419339997
731	0.825854323261
732	0.829210535405
733	0.842121918522
734	0.859702465156
735	0.848056491644
736	0.9058394353
737	0.91319257824
738	0.928427018018
739	0.916801731975
740	0.918216103664
741	0.904326303603
742	0.915519507283
743	0.910539597037
744	0.917883347135
745	0.941734124322
746	0.919435619246
747	0.912003719823
748	0.900574226949
749	0.894164981293
750	0.893205981455
751	0.896747213943
752	0.902816520697
753	0.910885169491
754	0.943247617504
755	0.94246929584
756	0.947438708647
757	0.966150097996
758	0.986306412671
759	1.0042512214
760	1.0254517704
761	1.02424694616
762	1.01334970975
763	1.00751977998
764	0.991444828979
765	0.969796390741
766	0.982007694977
767	0.982353399361
768	0.97920690441
769	1.0007143278
770	1.00426998984
771	1.00601607559
772	1.0260604863
773	1.02144303444
774	0.978803814485
775	0.980358968937
776	0.967087941092
777	0.955747599023
778	0.967177526192
779	0.994439360105
780	1.01634388693
781	1.03173671762
782	1.03820545209
783	1.0417723031
784	1.04009246806
785	1.0127607613
786	1.00784821097
787	1.0108996754
788	1.01576474051
789	0.995513329164
790	1.0069435819
791	1.01399560096
792	1.02001650786
793	1.00889154955
794	1.03430084837
795	1.04086413535
796	1.02936298951
797	1.00433714752
798	0.985248305281
799	0.9631660933
800	0.947537542903
801	0.949949316084
802	0.952772543594
803	0.957214809646
804	0.962455286381
805	0.962886680813
806	0.973194850207
807	0.971664713878
808	0.997039080847
809	0.983074085324
810	0.984708547501
811	0.9708470792
812	0.979711096633
813	0.949403264078
814	0.955616299611
815	0.932121954288
816	0.920064081709
817	0.89268203487
818	0.903953740618
819	0.91372896039
820	0.917718254376
821	0.904888693911
822	0.904280199012
823	0.886959377001
824	0.850450743573
825	0.865089631852
826	0.875066011738
827	0.879611261333
828	0.885321094364
829	0.897975763275
830	0.895296981885
831	0.8939396578
832	0.893125495944
833	0.900119081671
834	0.896602384001
835	0.879213472272
836	0.889937261589
837	0.8835928824
838	0.852645182837
839	0.867542946429
840	0.863779464633
841	0.843957879225
842	0.838164754001
843	0.840032998399
844	0.813074394709
845	0.805176174525
846	0.816103051245
847	0.81154915248
848	0.824216101139
849	0.839099456026
850	0.840742512438
851	0.817518790589
852	0.803423865726
853	0.79136791608
854	0.775375394087
855	0.764412804558
856	0.754097555169
857	0.767701655006
858	0.759279883761
859	0.759247019738
860	0.749267149008
861	0.744180184442
862	0.728024948404
863	0.71686627945
864	0.698428111946
865	0.676555237965
866	0.665924942193
867	0.630599142833
868	0.61328865505
869	0.608881863028
870	0.616219123624
871	0.604720570789
872	0.618543809134
873	0.613333237184
874	0.596631920215
875	0.593938838553
876	0.595488326308
877	0.580593595739
878	0.575755702539
879	0.572104470685
880	0.566579905117
881	0.546746670055
882	0.545663993912
883	0.547138617177
884	0.538164131168
885	0.50937470098
886	0.503197484997
887	0.495979299656
888	0.47259752283
889	0.473708570325
890	0.46079698224
891	0.474136003587
892	0.470997152961
893	0.459026019517
894	0.427757175594
895	0.455611125836
896	0.422179973191
897	0.412047697836
898	0.406670051819
899	0.403915281762
900	0.366830053453
901	0.358314032192
902	0.354499527542
903	0.349184530395
904	0.351899879188
905	0.357371908569
906	0.343499540276
907	0.346274181441
908	0.342602456054
909	0.300392094446
910	0.278353054102
911	0.285808680563
912	0.248288668603
913	0.251199411612
914	0.269776632837
915	0.269132455846
916	0.254758430384
917	0.260499943225
918	0.209420947006
919	0.199527483014
920	0.187014347003
921	0.181939494252
922	0.155270704657
923	0.164082487002
924	0.150339568099
925	0.149089730832
926	0.127228259699
927	0.152489631046
928	0.139852152133
929	0.126995085331
930	0.119064511372
931	0.133977556253
932	0.101634914025
933	0.0965268843925
934	0.080323172776
935	0.0414860555885
936	0.0142172205417
937	-0.00478872767186
938	-0.00499374345702
939	-0.0146105546064
940	-0.00789376116061
941	-0.00246533359197
942	-0.0133528889283
943	-0.0336594686932
944	-0.0346728837279
945	-0.0543554396981
946	-0.0561483555063
947	-0.059353143924
948	-0.0763289254563
949	-0.0857680394614
950	-0.0876931539844
951	-0.124864324984
952	-0.14597235812
953	-0.147713335894
954	-0.172461383656
955	-0.180267172634
956	-0.183120271492
957	-0.173759119571
958	-0.171218188678
959	-0.164387340474
960	-0.183345665698
961	-0.196053800443
962	-0.220747607031
963	-0.235046284982
964	-0.246211300419
965	-0.259163415785
966	-0.270061214981
967	-0.272203446201
968	-0.275907315852
969	-0.284317228414
970	-0.290140140685
971	-0.287294529856
972	-0.296749219315
973	-0.308979892274
974	-0.314187386822
975	-0.312489709166
976	-0.343948086889
977	-0.356389169984
978	-0.367752390093
979	-0.379297498973
980	-0.378728797495
981	-0.386071795558
982	-0.38133740788
983	-0.403130794758
984	-0.428305216731
985	-0.464469303281
986	-0.453755887155
987	-0.4923042229
988	-0.490091269613
989	-0.492426894785
990	-0.469254027055
991	-0.50243614322
992	-0.487395258624
993	-0.494490593847
994	-0.496530603143
995	-0.527686238922
