0	0.0561229578781
1	0.0453271459349
2	0.0332216818101
3	0.044961560058
4	0.044297368422
5	0.0449474395911
6	0.0821276199206
7	0.102555623629
8	0.10467631227
9	0.116705782645
10	0.142363948132
11	0.126954539208
12	0.150342815374
13	0.162900963455
14	0.168801913806
15	0.16186803065
16	0.172737701144
17	0.167733216509
18	0.168188382862
19	0.156390364635
20	0.18220688423
21	0.200656520889
22	0.208219790801
23	0.23203322394
24	0.282202439484
25	0.267608673567
26	0.266625470514
27	0.259004847362
28	0.256323488065
29	0.250081787102
30	0.282253587447
31	0.291358256648
32	0.330961190332
33	0.36442271894
34	0.371556567239
35	0.372423790255
36	0.393371605454
37	0.401661154004
38	0.394453371217
39	0.410612998116
40	0.410047527155
41	0.428751298771
42	0.431720659317
43	0.444456224976
44	0.456844249145
45	0.469038919881
46	0.473360058325
47	0.49818382551
48	0.506814391208
49	0.502676455926
50	0.528367957425
51	0.554835382395
52	0.54647090898
53	0.52985784436
54	0.546185476846
55	0.545013611358
56	0.518971099785
57	0.515525087361
58	0.544992838397
59	0.553063052753
60	0.554028752491
61	0.589036647462
62	0.605114808526
63	0.61726319469
64	0.627506590019
65	0.655422088645
66	0.65406014967
67	0.672521527221
68	0.681487629819
69	0.69287124272
70	0.686242052272
71	0.67249736354
72	0.677982528008
73	0.676090355245
74	0.672877263244
75	0.674382571067
76	0.7043235017
77	0.705158173113
78	0.716618336921
79	0.729776404684
80	0.741129823891
81	0.7346374342
82	0.728534945399
83	0.757005582225
84	0.767071777726
85	0.760102267376
86	0.781115753244
87	0.814646973104
88	0.814793035268
89	0.804370708748
90	0.831055801954
91	0.841008516799
92	0.831633523731
93	0.82242709377
94	0.84535937624
95	0.843358358678
96	0.835420850706
97	0.842587517258
98	0.841042360267
99	0.823516313109
100	0.828176118729
101	0.841800235723
102	0.829579841733
103	0.836516574142
104	0.848026776092
105	0.854467806814
106	0.843473165844
107	0.868333240746
108	0.865913038675
109	0.860466715111
110	0.858843536111
111	0.86633582081
112	0.843383212641
113	0.867393112301
114	0.913897835029
115	0.926972256438
116	0.931683574645
117	0.945645878786
118	0.960223089221
119	0.931052446123
120	0.937573276705
121	0.947724332981
122	0.966135329857
123	0.952407235579
124	0.959539075066
125	0.953786091048
126	0.962564689588
127	0.940940458638
128	0.927559834154
129	0.92037541276
130	0.915165056722
131	0.914455941379
132	0.94708700085
133	0.952808609098
134	0.970504678011
135	0.979230204148
136	0.995750197692
137	0.999151590285
138	1.01164784788
139	1.02195719554
140	1.01181860574
141	0.993493683887
142	0.986595899557
143	0.992440056421
144	0.965913526991
145	0.969636188854
146	0.987043716486
147	0.978581377078
148	0.970767517251
149	0.983242820591
150	1.00600465914
151	0.980914263363
152	0.990131484744
153	0.991747544174
154	1.02179411033
155	0.996110967968
156	1.00822252871
157	1.01427013132
158	1.02460903504
159	1.0086978546
160	1.02044688668
161	1.02249708638
162	1.0247706273
163	1.01381896101
164	1.01488986687
165	1.01047128615
166	1.0048956526
167	0.968284414415
168	0.971758858921
169	0.972490125556
170	0.986088689554
171	0.968129209742
172	0.998488695033
173	0.996218645347
174	0.970841739132
175	0.950701646712
176	0.958404696283
177	0.972263196708
178	0.949346350112
179	0.966732430638
180	0.970330498624
181	0.984641082538
182	0.956784408919
183	0.986612483958
184	0.964691466898
185	0.963876394636
186	0.930420533421
187	0.953352640652
188	0.942039024759
189	0.958419403195
190	0.947512872682
191	0.971405973716
192	0.934521207135
193	0.901233932986
194	0.903941274829
195	0.909061202532
196	0.905198859346
197	0.92435693849
198	0.948728388089
199	0.933287486637
200	0.905910191012
201	0.884733902831
202	0.868780180644
203	0.858012586165
204	0.845423721214
205	0.872207295097
206	0.868598863598
207	0.848533448015
208	0.843577260771
209	0.852290581508
210	0.830825796373
211	0.838844431162
212	0.830384308056
213	0.827840964837
214	0.826991805308
215	0.846751690187
216	0.841155363896
217	0.863854905886
218	0.848798855754
219	0.826722169406
220	0.783629120834
221	0.780337771156
222	0.756327653623
223	0.757124937615
224	0.760380300893
225	0.778699896761
226	0.755859162324
227	0.753357710023
228	0.763005353913
229	0.731636947405
230	0.727127565258
231	0.754239019526
232	0.742396464945
233	0.7185598376
234	0.725381677982
235	0.7298083765
236	0.682923526558
237	0.683888877762
238	0.672958432046
239	0.660492632813
240	0.61767572866
241	0.627144647037
242	0.625842852712
243	0.627306184933
244	0.61734957673
245	0.628278897403
246	0.622466780575
247	0.620505000111
248	0.60940453225
249	0.611576421664
250	0.600563940225
251	0.58851622303
252	0.567450680049
253	0.55207026064
254	0.564490931181
255	0.521210904866
256	0.523291544954
257	0.523785509801
258	0.527644504541
259	0.486996920523
260	0.509060800696
261	0.501527688468
262	0.474764945267
263	0.461621380952
264	0.454285133912
265	0.4649160294
266	0.429095134585
267	0.436123307417
268	0.421017968399
269	0.441145197387
270	0.418391750846
271	0.421437683548
272	0.402568536385
273	0.414869215677
274	0.404239731979
275	0.386157792187
276	0.373145252484
277	0.357916218853
278	0.352269024887
279	0.333078817428
280	0.327024623638
281	0.343086860653
282	0.333775947274
283	0.300632716145
284	0.299703491192
285	0.298836658427
286	0.254350700703
287	0.260411438681
288	0.248766337389
289	0.229586900832
290	0.220933896811
291	0.214794087774
292	0.199581798902
293	0.181581054472
294	0.172985840935
295	0.151189591264
296	0.157439961157
297	0.137931453621
298	0.153070727765
299	0.11775816872
300	0.103717741067
301	0.113900512295
302	0.111654211238
303	0.0794200679814
304	0.0831898941279
305	0.0742815884515
306	0.0527796463354
307	0.0517183519619
308	0.0577125726418
309	0.0466480775883
310	0.051140851285
311	0.0260043047412
312	-0.000122565429098
313	-0.0284321429865
314	-0.0386081780673
315	-0.0557651750983
316	-0.0684414024803
317	-0.0729946695822
318	-0.0786845450852
319	-0.069984411444
320	-0.0922960572327
321	-0.0783234432869
322	-0.0779766806506
323	-0.0956826096721
324	-0.116155362638
325	-0.117048456137
326	-0.154748889831
327	-0.16563189133
328	-0.166436387809
329	-0.189821979057
330	-0.203998144415
331	-0.194210991637
332	-0.196989767684
333	-0.216367469033
334	-0.222738875031
335	-0.212560612869
336	-0.220936043477
337	-0.232155122789
338	-0.217586924398
339	-0.208115503952
340	-0.221870124023
341	-0.247192445782
342	-0.264167652692
343	-0.289581682659
344	-0.322092636632
345	-0.356411183627
346	-0.352564033691
347	-0.376020055241
348	-0.381364186907
349	-0.376335176296
350	-0.371829924259
351	-0.385531118177
352	-0.38817206662
353	-0.397832935271
354	-0.412304515129
355	-0.414384629602
356	-0.448169919742
357	-0.459851405641
358	-0.471244270283
359	-0.484867016695
360	-0.506306174193
361	-0.497487001122
362	-0.507766885942
363	-0.512387717689
364	-0.510896539567
365	-0.51501843017
366	-0.530893273177
367	-0.539977421539
368	-0.548771426933
369	-0.554678742289
370	-0.560341999378
371	-0.553992456495
372	-0.553441651338
373	-0.55218738395
374	-0.554760562925
375	-0.562116028507
376	-0.583664165103
377	-0.609661490589
378	-0.6134964378
379	-0.626764238732
380	-0.639829208426
381	-0.642250113765
382	-0.622084811211
383	-0.636577062634
384	-0.658309449552
385	-0.659893858773
386	-0.668059401001
387	-0.671800017715
388	-0.684139726388
389	-0.670321726721
390	-0.669377229365
391	-0.671365362223
392	-0.683807768013
393	-0.697010042446
394	-0.701526115777
395	-0.720361317858
396	-0.741645073235
397	-0.749669983976
398	-0.76458556246
399	-0.784258057829
400	-0.78504501184
401	-0.785917721391
402	-0.794492275384
403	-0.792059036717
404	-0.808378573152
405	-0.817280537529
406	-0.809164779875
407	-0.817191447829
408	-0.79951145921
409	-0.809854467301
410	-0.820993241244
411	-0.82192959205
412	-0.835297363623
413	-0.866161187516
414	-0.852420058044
415	-0.848497790105
416	-0.868449334241
417	-0.866521994287
418	-0.847796664868
419	-0.852525206627
420	-0.865982398576
421	-0.861487562157
422	-0.857126552394
423	-0.883250978819
424	-0.891143615958
425	-0.904182934399
426	-0.906432438939
427	-0.936808412716
428	-0.932285592061
429	-0.931236831356
430	-0.939049234734
431	-0.957191605784
432	-0.942907291759
433	-0.943776463111
434	-0.967676324784
435	-0.934493857808
436	-0.92698768434
437	-0.937349475702
438	-0.946584891707
439	-0.938390729024
440	-0.957577826241
441	-0.951328114548
442	-0.951709342566
443	-0.938140727073
444	-0.958733666931
445	-0.956316646383
446	-0.986885933622
447	-1.00728431097
448	-1.01757777101
449	-0.987883035278
450	-1.003014589
451	-1.00457576911
452	-0.982398271166
453	-0.984674147381
454	-0.994497231379
455	-0.978747419369
456	-0.976260484944
457	-0.969474126336
458	-0.978776779629
459	-0.994289861559
460	-1.01516097473
461	-1.02014228328
462	-1.02640689297
463	-1.03873611185
464	-1.026932336
465	-1.01208829401
466	-0.993770449216
467	-0.990902540727
468	-0.988329038526
469	-0.992346656041
470	-1.00834808846
471	-1.02694796584
472	-1.03290858055
473	-1.02747792478
474	-1.01655276472
475	-0.98752472704
476	-0.973730878678
477	-0.981185686202
478	-0.991155096407
479	-0.998963715953
480	-1.03105370349
481	-1.03723492918
482	-1.03450899932
483	-1.01883209119
484	-1.00322808329
485	-0.993869119407
486	-1.00169080767
487	-1.0222451648
488	-1.01981794903
489	-1.02371195699
490	-0.998205829843
491	-0.972999467603
492	-0.957247166598
493	-0.963236150432
494	-0.962116041579
495	-0.966698003893
496	-0.956582968758
497	-0.947598183737
498	-0.940167376877
499	-0.940160223707
500	-0.925169421734
501	-0.952214848368
502	-0.940732091939
503	-0.927488671068
504	-0.944357527681
505	-0.962762550869
506	-0.934282486936
507	-0.944494091281
508	-0.949951845508
509	-0.927907932726
510	-0.930828801441
511	-0.945075141975
512	-0.932887591749
513	-0.911343522817
514	-0.905744171379
515	-0.876062572748
516	-0.872699642716
517	-0.863774664795
518	-0.875609207062
519	-0.873690342661
520	-0.885667289269
521	-0.859830158711
522	-0.848162228569
523	-0.840088506551
524	-0.852247544401
525	-0.859010829511
526	-0.86597758804
527	-0.863908678558
528	-0.865961416375
529	-0.837790793896
530	-0.825064702805
531	-0.829281218985
532	-0.815843391512
533	-0.816647611514
534	-0.825262319189
535	-0.803816443619
536	-0.791714662877
537	-0.799091271208
538	-0.756250149066
539	-0.736566499847
540	-0.739811512199
541	-0.723511865814
542	-0.730232628081
543	-0.747702771966
544	-0.729212744961
545	-0.72312722131
546	-0.728251857605
547	-0.726420338625
548	-0.713899658785
549	-0.729517827814
550	-0.722240438256
551	-0.700752940858
552	-0.647630428489
553	-0.651314904877
554	-0.634904043049
555	-0.632897205861
556	-0.64448355732
557	-0.671603158496
558	-0.65729900965
559	-0.646170436135
560	-0.643991044408
561	-0.63880966834
562	-0.610853397278
563	-0.607840201997
564	-0.613992895334
565	-0.623354519194
566	-0.587338461175
567	-0.589063411506
568	-0.560484755762
569	-0.539589327161
570	-0.516320889823
571	-0.523132129264
572	-0.521020595695
573	-0.532210767679
574	-0.5271023767
575	-0.510323631674
576	-0.496463510646
577	-0.488504039219
578	-0.478209109383
579	-0.476123170132
580	-0.471631439714
581	-0.469697777572
582	-0.455605186057
583	-0.43275814357
584	-0.417744847442
585	-0.400258056953
586	-0.387875769902
587	-0.389252591938
588	-0.399462555242
589	-0.383237253262
590	-0.369534591941
591	-0.336255952701
592	-0.331969753529
593	-0.329860245936
594	-0.323539377745
595	-0.320343092973
596	-0.344336909456
597	-0.295954415614
598	-0.257040528476
599	-0.268399149241
600	-0.261532936561
601	-0.253877592983
602	-0.277565283544
603	-0.280080620783
604	-0.240256475619
605	-0.212108639174
606	-0.187789213479
607	-0.14348973468
608	-0.138598999077
609	-0.135908843292
610	-0.132746385025
611	-0.121018614795
612	-0.122284050017
613	-0.116686752152
614	-0.0842182491225
615	-0.0804689406592
616	-0.0755777684184
617	-0.0859726142813
618	-0.078069910763
619	-0.0976162067389
620	-0.100881108938
621	-0.098539300286
622	-0.0732793436606
623	-0.0466526459079
624	-0.0367293175077
625	-0.00589004666964
626	0.00598878389097
627	0.0135932246375
628	0.0227317834174
629	0.0294925946523
630	0.0317209805311
631	0.0452098265886
632	0.0421951356678
633	0.0449981515239
634	0.0707386564779
635	0.0710998912341
636	0.0971764523342
637	0.100658074499
638	0.107757127382
639	0.102721799222
640	0.128949798563
641	0.135124960537
642	0.174255360864
643	0.193521559024
644	0.216455573688
645	0.225441991495
646	0.240920119284
647	0.248123544631
648	0.245976085517
649	0.258577317174
650	0.275175799214
651	0.272734624139
652	0.277294235708
653	0.300660659208
654	0.277754350394
655	0.281234790951
656	0.310786463333
657	0.305976708153
658	0.318436486121
659	0.352675793169
660	0.360248567704
661	0.353949914352
662	0.360709676231
663	0.336414019076
664	0.332162395594
665	0.335459897823
666	0.324118040674
667	0.363267036217
668	0.403734000882
669	0.435528156855
670	0.43826979145
671	0.461744122769
672	0.4569098285
673	0.467888305632
674	0.459778039874
675	0.483687138896
676	0.49368145138
677	0.475309802471
678	0.468771559318
679	0.488805102528
680	0.494954047164
681	0.482969418731
682	0.519115398372
683	0.534378597364
684	0.53812711748
685	0.542448480823
686	0.563662275706
687	0.57429074111
688	0.602832995648
689	0.60094836745
690	0.601640097129
691	0.615265810706
692	0.613316879584
693	0.611616669738
694	0.62794624761
695	0.644959397134
696	0.654513949689
697	0.658674894943
698	0.6521800701
699	0.659784385944
700	0.657372541011
701	0.651980358313
702	0.657420514344
703	0.661992352874
704	0.689248883564
705	0.704965649892
706	0.717011339761
707	0.730889804484
708	0.752836959682
709	0.741486438111
710	0.746880723304
711	0.758334864791
712	0.771002338918
713	0.770362648409
714	0.785572785438
715	0.785327956631
716	0.801203386277
717	0.795405252605
718	0.78732000191
719	0.784024368118
720	0.805062158206
721	0.805996240764
722	0.817310611963
723	0.828495449891
724	0.829153995558
725	0.808684585042
726	0.806623445971
727	0.826565611313
728	0.838013414303
729	0.844669778139
730	0.860903259301
731	0.869258515262
732	0.866112913071
733	0.887588132657
734	0.897083024582
735	0.910220599519
736	0.926168639552
737	0.932542495082
738	0.912002768898
739	0.896716765745
740	0.919757582426
741	0.911033129108
742	0.935613232909
743	0.955956415295
744	0.975336212316
745	0.948533592323
746	0.945482427046
747	0.920477421424
748	0.919806123842
749	0.935563985046
750	0.949053079675
751	0.952061336583
752	0.944745294089
753	0.952886648153
754	0.93970089252
755	0.940213356609
756	0.962286247079
757	0.985165099534
758	0.979478667694
759	0.977177803877
760	0.992498770796
761	0.993775767442
762	0.966629679259
763	0.958581590786
764	0.988300182853
765	0.972602887915
766	0.949134436324
767	0.958304259256
768	0.964048243569
769	0.935096013215
770	0.941518694549
771	0.970787480668
772	0.9780523546
773	0.994743738887
774	1.00868664819
775	1.01045691708
776	1.0073340305
777	1.02153957576
778	0.99067077437
779	0.999935160672
780	0.992043340269
781	0.970344360183
782	0.96050524569
783	0.964534002216
784	0.960410538319
785	0.983597527311
786	0.991849249449
787	0.986459809761
788	0.993150620748
789	0.968376180617
790	0.945105812784
791	0.960317818155
792	0.966722094188
793	0.984930600472
794	1.00501401112
795	1.02734352945
796	1.01933030306
797	1.01472709951
798	1.00216449616
799	1.00502088253
800	0.979609603127
801	0.985414858593
802	0.993006123228
803	1.00288875421
804	0.999685151251
805	1.01893866917
806	1.01851565865
807	1.02046016171
808	1.01102707692
809	0.990388762556
810	0.988656380802
811	0.978475038015
812	0.952908279517
813	0.952689306132
814	0.974202794736
815	0.961876188961
816	0.956759349533
817	0.963363816273
818	0.948521281822
819	0.933865527762
820	0.940895827924
821	0.927051112879
822	0.912064386573
823	0.931644836239
824	0.948091849238
825	0.936182920741
826	0.951404382409
827	0.97408953403
828	0.951660496837
829	0.94082267367
830	0.920495921968
831	0.910384072534
832	0.894041571305
833	0.89223422165
834	0.87265826624
835	0.875972585066
836	0.856260653127
837	0.863928417969
838	0.852138828398
839	0.846204159263
840	0.840307754071
841	0.837349236555
842	0.838354740589
843	0.826711383047
844	0.825006551748
845	0.819903448885
846	0.819092188757
847	0.797113621924
848	0.811034454222
849	0.787689618487
850	0.794492790872
851	0.789312161313
852	0.801555047951
853	0.787782332582
854	0.788673280567
855	0.765289074518
856	0.774524268339
857	0.739048146932
858	0.728195672934
859	0.741424716584
860	0.714410557613
861	0.689123105484
862	0.694587984709
863	0.68103961028
864	0.65540494601
865	0.670245866893
866	0.665896294379
867	0.644818721285
868	0.648252675264
869	0.629972132126
870	0.623247280254
871	0.613854270276
872	0.599045409495
873	0.599601193798
874	0.57851038096
875	0.582554513116
876	0.578797507985
877	0.594028911451
878	0.556159905372
879	0.599975445136
880	0.565613264963
881	0.542920003747
882	0.523368550123
883	0.539313479759
884	0.509274843505
885	0.533115616395
886	0.519010601846
887	0.52551946747
888	0.50740150373
889	0.491469647127
890	0.462083914604
891	0.479632219594
892	0.448430930328
893	0.430049639013
894	0.430842062489
895	0.437113122085
896	0.403562278564
897	0.405755430155
898	0.392639940134
899	0.387730803473
900	0.373117013705
901	0.394090600102
902	0.39175952083
903	0.407046751233
904	0.381877273111
905	0.381597790335
906	0.362193393283
907	0.364074328321
908	0.349284000374
909	0.351017095816
910	0.354729229053
911	0.347112759753
912	0.329994091865
913	0.345833864221
914	0.319307121626
915	0.27691773653
916	0.260293342778
917	0.257338768935
918	0.214906949263
919	0.214354727027
920	0.193805830447
921	0.190723796165
922	0.165224050404
923	0.154004689055
924	0.149657431595
925	0.141661401157
926	0.123270876189
927	0.107200684694
928	0.123095869125
929	0.124624193415
930	0.145306394107
931	0.126910246193
932	0.127355627437
933	0.0853694356435
934	0.0603908497831
935	0.0418933937383
936	0.0449337357769
937	0.0396774406143
938	0.0576417104129
939	0.0576621465
940	0.0400403114692
941	0.0503406352234
942	0.0185228586707
943	-0.00874997159677
944	-0.0195753428545
945	-0.0212294008627
946	-0.0434851595104
947	-0.032267707082
948	-0.038178605884
949	-0.0580519018405
950	-0.0747340058169
951	-0.0950054312968
952	-0.110910106352
953	-0.116409102436
954	-0.134076067682
955	-0.143706986683
956	-0.159168790852
957	-0.172604471766
958	-0.184602540755
959	-0.185037780344
960	-0.198220796188
961	-0.207626584315
962	-0.223121528895
963	-0.227548769044
964	-0.214357730515
965	-0.204936938429
966	-0.225137088153
967	-0.227857034802
968	-0.248753812888
969	-0.289734864319
970	-0.315097099357
971	-0.297137626988
972	-0.298732354892
973	-0.312090179991
974	-0.319254073189
975	-0.34052974523
976	-0.35673889028
977	-0.380148548144
978	-0.380815053741
979	-0.392533838777
980	-0.407949770754
981	-0.419271060968
982	-0.419505603118
983	-0.415087974901
984	-0.412536877832
985	-0.405405216744
986	-0.423454701876
987	-0.430100672306
988	-0.444639104611
989	-0.453324578594
990	-0.457893475566
991	-0.466039250228
992	-0.470506253006
993	-0.502839489696
994	-0.52106477817
995	-0.536552587434
