0	0.0392268333684
1	0.0606198398231
2	0.0420928576383
3	0.0598386932735
4	0.0788365652875
5	-0.0147522263476
6	9.2519198756e-05
7	0.100792248878
8	0.0565177350936
9	0.0820869211332
10	0.1711486753
11	0.102232537741
12	0.111395692081
13	0.116665086969
14	0.21037774857
15	0.0941016306782
16	0.219173918571
17	0.174186432487
18	0.146169838724
19	0.175708332793
20	0.148449983145
21	0.194151495399
22	0.176462264248
23	0.0871797475897
24	0.30479093077
25	0.240698166436
26	0.231967844961
27	0.295529429941
28	0.338025825312
29	0.231822101185
30	0.235782151169
31	0.193864729205
32	0.282122633455
33	0.306817320498
34	0.39268110291
35	0.281305497171
36	0.391879397625
37	0.449430276496
38	0.342486561995
39	0.397017217987
40	0.386044573165
41	0.433327140379
42	0.41339136256
43	0.423284696488
44	0.394189863181
45	0.479563431249
46	0.44817394311
47	0.477069190853
48	0.485224817334
49	0.455163216862
50	0.501169123465
51	0.572292779038
52	0.520222019342
53	0.464535140926
54	0.583620724357
55	0.63350624831
56	0.530470411967
57	0.437156696239
58	0.546173303355
59	0.577761396917
60	0.503293690446
61	0.513240349848
62	0.584495451421
63	0.586524375135
64	0.582589895605
65	0.678333165304
66	0.593631155168
67	0.645237382239
68	0.637741351779
69	0.722167388733
70	0.671523470429
71	0.685938042927
72	0.690067895228
73	0.694659416283
74	0.689021436493
75	0.602800026767
76	0.71336386527
77	0.68060703141
78	0.678593956277
79	0.696547975609
80	0.752504679932
81	0.717537222338
82	0.737907850447
83	0.744384295093
84	0.753315071646
85	0.720042731476
86	0.687024778331
87	0.880261034579
88	0.794715272597
89	0.718467519897
90	0.825110160817
91	0.854680877629
92	0.880991345398
93	0.742603639999
94	0.851892985925
95	0.874873735045
96	0.807805912287
97	0.834959195594
98	0.857265052348
99	0.841887898116
100	0.835186195184
101	0.843639245047
102	0.827233410639
103	0.769634816559
104	0.865186926218
105	0.903306780153
106	0.782537275094
107	0.861917072688
108	0.827185826306
109	0.897392079827
110	0.848333575306
111	0.906837649605
112	0.849816062332
113	0.799954208483
114	0.889276184827
115	0.885794998802
116	0.79207460876
117	0.969865560633
118	1.03247782213
119	0.954648291868
120	0.909351589839
121	0.861886129466
122	1.0427516128
123	0.886624606638
124	0.987252444775
125	0.960106871222
126	0.953941113847
127	0.974111141413
128	0.922283804071
129	0.958487524689
130	1.00399986392
131	0.845819959096
132	0.907208018993
133	0.8863616971
134	0.932435744497
135	1.00045428721
136	1.00897525645
137	0.935816060233
138	0.97484204167
139	0.97606337518
140	1.08305425493
141	1.02598221941
142	0.998297348228
143	1.02638877996
144	0.925370426183
145	0.991429645653
146	0.991493297763
147	1.02751813255
148	0.893756132807
149	0.943983735498
150	1.07846728382
151	0.949181600721
152	0.988448833415
153	0.956132649506
154	1.05779292825
155	0.953015304925
156	0.995267707628
157	0.996529130564
158	1.1063654803
159	0.929377216423
160	1.01357310862
161	1.02550572069
162	1.0482236492
163	1.02680957809
164	0.988122376811
165	1.02382410712
166	1.03687342527
167	0.99346531775
168	1.03216410742
169	0.966029473188
170	0.995945939375
171	0.853817234347
172	1.01083754028
173	1.03582044059
174	1.03402229317
175	0.906148540317
176	1.0056146608
177	0.999487291852
178	0.908935909517
179	0.933321831076
180	0.944663788169
181	1.07490716293
182	0.884903058869
183	0.995866312145
184	0.951312171009
185	1.01621670774
186	0.935623794832
187	1.03404343407
188	0.886261226844
189	0.947236809699
190	0.848937401664
191	1.05028433099
192	0.977475354598
193	0.968163119027
194	0.892704157135
195	0.968402906832
196	0.865860498083
197	0.811038983854
198	0.98169982824
199	0.918303795649
200	0.949091190904
201	0.961650893803
202	0.932896231847
203	0.904495320983
204	0.781417317523
205	0.843209749997
206	0.881882282869
207	0.879058259455
208	0.841550996227
209	0.915335186935
210	0.825167592503
211	0.781555204957
212	0.854277323234
213	0.885117599913
214	0.808011261255
215	0.865260766453
216	0.739254589425
217	0.84156060714
218	0.880871802267
219	0.90681068565
220	0.837279134998
221	0.852752299373
222	0.766280356482
223	0.770488370525
224	0.691345442794
225	0.820822386606
226	0.732701711709
227	0.770266776444
228	0.786765186913
229	0.782943422135
230	0.706618714418
231	0.720194450204
232	0.818504995894
233	0.629923154375
234	0.760396511401
235	0.842175985757
236	0.6609816773
237	0.699321859168
238	0.664032356283
239	0.782530003993
240	0.607751736044
241	0.66580843332
242	0.644669630592
243	0.601703360117
244	0.568445483229
245	0.655096327925
246	0.659299461698
247	0.651986291695
248	0.551920319105
249	0.623092086594
250	0.626035743782
251	0.649490559379
252	0.596483952393
253	0.562779766175
254	0.568029679396
255	0.565797157806
256	0.544162844477
257	0.519581855349
258	0.624883118876
259	0.351629547821
260	0.576200358247
261	0.546632668711
262	0.53887682905
263	0.421645198784
264	0.461948948688
265	0.538534797107
266	0.412818952706
267	0.473159007474
268	0.384963963585
269	0.515103426127
270	0.359430323035
271	0.447959816863
272	0.397632312385
273	0.485600108524
274	0.401336193426
275	0.37465998654
276	0.353614081051
277	0.459135708843
278	0.432452690038
279	0.310926494462
280	0.309597288029
281	0.277468912893
282	0.430899739015
283	0.33650165274
284	0.280655525512
285	0.389908473102
286	0.230914346001
287	0.26518358337
288	0.331855527976
289	0.276321361687
290	0.16747868448
291	0.261218035891
292	0.206958076911
293	0.235958345193
294	0.233056341582
295	0.136779639296
296	0.185156591527
297	0.116954354762
298	0.192982277507
299	0.124075093226
300	0.168031488762
301	0.0876140538475
302	0.19265072548
303	0.0164194822841
304	0.0538729549637
305	0.218945344902
306	0.0763825485586
307	0.031480009199
308	0.0352686130164
309	0.00933142658152
310	0.111435634321
311	0.071076076691
312	0.0614511125988
313	-0.020053862251
314	0.031795295065
315	-0.014247098398
316	-0.0595582741603
317	-0.0800967751881
318	-0.0709340376551
319	-0.0539896900902
320	-0.0776282353078
321	-0.0823246096701
322	-0.108546152703
323	-0.0274333694491
324	-0.165547919034
325	-0.00776516557887
326	-0.0805907964883
327	-0.19707579781
328	-0.129797134276
329	-0.17001338653
330	-0.196267334051
331	-0.135005803981
332	-0.201098280205
333	-0.246725090521
334	-0.240894213318
335	-0.147331570158
336	-0.148899684219
337	-0.297986786951
338	-0.278582120507
339	-0.190002902509
340	-0.1892087232
341	-0.204995080777
342	-0.225145794996
343	-0.231225018277
344	-0.258776002866
345	-0.315820331993
346	-0.289871115327
347	-0.352215944832
348	-0.393779788139
349	-0.430368737845
350	-0.29658458231
351	-0.40715122308
352	-0.378936603163
353	-0.368634735081
354	-0.407842477664
355	-0.365090551898
356	-0.420355965296
357	-0.427240946417
358	-0.440992634368
359	-0.418243050031
360	-0.5340170026
361	-0.478763394789
362	-0.484205269627
363	-0.509106366426
364	-0.525438837521
365	-0.489921137249
366	-0.53016281889
367	-0.507309428358
368	-0.501650475818
369	-0.546048290534
370	-0.569295352283
371	-0.575583560701
372	-0.551279455329
373	-0.531187052597
374	-0.574364575979
375	-0.537547637869
376	-0.572829534913
377	-0.545008118389
378	-0.544052947477
379	-0.611141903888
380	-0.645288320847
381	-0.702816162343
382	-0.564182854446
383	-0.610391952138
384	-0.676466752354
385	-0.657392847545
386	-0.601989649571
387	-0.636644111563
388	-0.719053886727
389	-0.68438879846
390	-0.698220558686
391	-0.620692733138
392	-0.69834265493
393	-0.649963888389
394	-0.679666311681
395	-0.708161222978
396	-0.682904762085
397	-0.764354027096
398	-0.672544255046
399	-0.773842322088
400	-0.814579999861
401	-0.723029315791
402	-0.838931919517
403	-0.770906731889
404	-0.777777092143
405	-0.818943547615
406	-0.765902085754
407	-0.826765726183
408	-0.852504414067
409	-0.822286914026
410	-0.778364759343
411	-0.806035425525
412	-0.73836578309
413	-0.904219454518
414	-0.877980783742
415	-0.783046513373
416	-0.872874283389
417	-0.892684902558
418	-0.835513807156
419	-0.858369444048
420	-0.882804234055
421	-0.863237583619
422	-0.799058255462
423	-0.859156515949
424	-0.925655403793
425	-0.860330051964
426	-0.841432534804
427	-0.929680387585
428	-0.898619701645
429	-0.990851995996
430	-0.871577574662
431	-0.993312403692
432	-0.907066284309
433	-0.893375898123
434	-1.02991401288
435	-0.962289429915
436	-0.921890833567
437	-0.911412141067
438	-1.01287520649
439	-0.864001678003
440	-0.924758562576
441	-0.973699790375
442	-0.957589221094
443	-0.971904393071
444	-0.95993716409
445	-0.89351000411
446	-0.975605930466
447	-0.889746143631
448	-1.07486909236
449	-0.947852061349
450	-1.04635644031
451	-1.0775978172
452	-0.941213443857
453	-0.926395413677
454	-1.02350982998
455	-1.05416234083
456	-0.966710327488
457	-0.952592824928
458	-0.975510833669
459	-0.944760769929
460	-1.04172766871
461	-0.932778534449
462	-0.999106091391
463	-1.05307624332
464	-1.04911633579
465	-1.06663421146
466	-0.964101582888
467	-1.06075218579
468	-0.994057364061
469	-0.974896125852
470	-0.97504498749
471	-0.949762040438
472	-1.04788467479
473	-1.01414545163
474	-1.05490328795
475	-1.06804437438
476	-0.979565113993
477	-1.02073139596
478	-0.959519651317
479	-0.909763099545
480	-0.999075132573
481	-1.01683915162
482	-1.07057844698
483	-0.998562749044
484	-1.07021303722
485	-1.02998126105
486	-1.00320950228
487	-0.992193906358
488	-0.920542709526
489	-1.02341821782
490	-1.06908970238
491	-1.10598128793
492	-0.9800578275
493	-0.94001274932
494	-0.895887582094
495	-0.943057891173
496	-1.0272197829
497	-1.01000274667
498	-0.934412205056
499	-0.918797393664
500	-0.892482715501
501	-0.982295857796
502	-0.972848712366
503	-0.934376439208
504	-0.8438433838
505	-1.02770984867
506	-0.924882075648
507	-0.906631608014
508	-1.01872072227
509	-0.935868499744
510	-0.885309529003
511	-0.975940097373
512	-0.93392037915
513	-0.90850115836
514	-0.950472843318
515	-0.956541231674
516	-0.915002346244
517	-0.826200034488
518	-0.880504401173
519	-0.802064850161
520	-0.939726581515
521	-0.870377456636
522	-0.885372745824
523	-0.870910079167
524	-0.861949583204
525	-0.810540928724
526	-0.812037805925
527	-0.845004135736
528	-0.931705268413
529	-0.895766008756
530	-0.845374721368
531	-0.801693258519
532	-0.85526782482
533	-0.790852156017
534	-0.832135553299
535	-0.866457302269
536	-0.734504121156
537	-0.859288924831
538	-0.83392569439
539	-0.724906175447
540	-0.805948398563
541	-0.77138716281
542	-0.645083314122
543	-0.735507448295
544	-0.741131237205
545	-0.724450166639
546	-0.804990974144
547	-0.732434033548
548	-0.643057313271
549	-0.710703618948
550	-0.750073348113
551	-0.795833379243
552	-0.669830634349
553	-0.721148158417
554	-0.674316671157
555	-0.642635861124
556	-0.530220817395
557	-0.688253016289
558	-0.639093849279
559	-0.664282485217
560	-0.70056761842
561	-0.665818823272
562	-0.616732272061
563	-0.583450981707
564	-0.65338552658
565	-0.674660738079
566	-0.526037467966
567	-0.601666295652
568	-0.614214448392
569	-0.70019364588
570	-0.494580447983
571	-0.534662219622
572	-0.458773016931
573	-0.509737305387
574	-0.583851459191
575	-0.528636645189
576	-0.524104551778
577	-0.514723876848
578	-0.484195350492
579	-0.499957734062
580	-0.459336040048
581	-0.484307194646
582	-0.463249227664
583	-0.473765654238
584	-0.477499081974
585	-0.449667729335
586	-0.413844237071
587	-0.349014015234
588	-0.398699173598
589	-0.390065129528
590	-0.387756294079
591	-0.420728347249
592	-0.400063831758
593	-0.317572663695
594	-0.321551822923
595	-0.221363097881
596	-0.39929735139
597	-0.389516293791
598	-0.28596832274
599	-0.305570399061
600	-0.341332180299
601	-0.157384882178
602	-0.194946858102
603	-0.342761426566
604	-0.271239335662
605	-0.303055462407
606	-0.275823334983
607	-0.207523544296
608	-0.14364070075
609	-0.130500153432
610	-0.181458333934
611	-0.0543259409889
612	-0.183069866278
613	-0.130189921825
614	-0.114687862099
615	-0.122819482785
616	-0.0606531170993
617	-0.155083376951
618	0.0321525933222
619	-0.095941319783
620	-0.0983636215816
621	-0.112627346414
622	-0.115569859359
623	-0.065578886557
624	-0.112265830779
625	-0.0866545783212
626	0.0136724367131
627	0.0175636294049
628	-0.0159622445563
629	0.0419305234112
630	-0.0272604255181
631	0.0516946404456
632	0.0632564233044
633	0.0178418116181
634	0.0530724528055
635	0.0401838047693
636	0.0366211858417
637	0.0772715025849
638	0.146544336388
639	0.0548786265865
640	0.17056661027
641	0.0540292966641
642	0.112766767
643	0.121367695591
644	0.186018623289
645	0.201442420142
646	0.2496812983
647	0.209097757798
648	0.236037768909
649	0.230950712328
650	0.278833059087
651	0.285698425035
652	0.198360462225
653	0.299043927194
654	0.313943122528
655	0.266627183715
656	0.308496482876
657	0.315192579726
658	0.184512383127
659	0.331345325311
660	0.414385545627
661	0.284447706976
662	0.377491469564
663	0.355708918367
664	0.369209197985
665	0.382892278868
666	0.318246516372
667	0.256013183787
668	0.334450800957
669	0.385696709132
670	0.326182993123
671	0.513991494084
672	0.458348007115
673	0.493421580823
674	0.399404882106
675	0.443554649715
676	0.489820022739
677	0.513240392778
678	0.452870252033
679	0.518950377216
680	0.493526212136
681	0.397961778194
682	0.480549177012
683	0.553037968083
684	0.549695100396
685	0.433603069967
686	0.578691676399
687	0.556865171975
688	0.571780568663
689	0.571301917111
690	0.539672044385
691	0.631834003419
692	0.699576444664
693	0.562357427672
694	0.574760565507
695	0.607800612269
696	0.622089347809
697	0.691075395431
698	0.644005317032
699	0.65982631313
700	0.655573375042
701	0.642894074078
702	0.658601271219
703	0.682026896251
704	0.647767088465
705	0.628612461553
706	0.67009485423
707	0.681460463873
708	0.818309549699
709	0.726350920105
710	0.688840910898
711	0.739487177844
712	0.791196239865
713	0.761556941845
714	0.753322346068
715	0.746111618335
716	0.802824548478
717	0.787997787317
718	0.837607626993
719	0.752098202033
720	0.825488766565
721	0.773833880114
722	0.747571533843
723	0.821129458033
724	0.857287152473
725	0.830159179357
726	0.83040573611
727	0.803495723484
728	0.824422186368
729	0.754940099892
730	0.819853484002
731	0.93011656282
732	0.860734738432
733	0.857704005548
734	0.836107505702
735	0.861629763807
736	0.914388551865
737	0.968110836363
738	0.905178465173
739	0.901795380384
740	0.941369963974
741	0.946257829514
742	0.865412205445
743	0.82874844941
744	1.01699946379
745	0.897747697385
746	1.06915834852
747	0.967128117372
748	0.925647434519
749	0.882986363818
750	0.882491871001
751	0.944133320409
752	0.963771629464
753	1.00443674054
754	0.950431836961
755	0.897533155539
756	0.907553107939
757	1.00447839978
758	0.938507962377
759	0.952994157404
760	1.00789760789
761	1.02194737021
762	0.976046240585
763	0.927003643294
764	1.029598992
765	1.01428259112
766	0.886216929298
767	0.93580579822
768	1.07559660363
769	0.951112517311
770	0.896940333162
771	0.932066043961
772	0.964525719781
773	0.930835451859
774	0.983225923983
775	1.04328426375
776	0.968390413624
777	1.04798264122
778	1.0005499984
779	0.992077268399
780	1.02766983088
781	1.03941813993
782	0.893638634244
783	1.04687192991
784	0.952618166385
785	0.919174930448
786	0.990222567464
787	0.913782416873
788	1.02625461042
789	1.06855311134
790	0.960433541139
791	0.963275369026
792	0.947236471805
793	0.902382409773
794	0.952201272176
795	1.036493568
796	0.995296749191
797	1.03827900322
798	1.00279946301
799	1.06384886385
800	0.996427436015
801	0.972280731451
802	0.975465986457
803	1.01708139486
804	0.936792466853
805	1.02545371334
806	1.01023705462
807	1.02487914136
808	1.00106338007
809	1.03306005643
810	1.02333866079
811	1.0199595699
812	0.977713717393
813	0.89787180827
814	1.02439814766
815	0.972431946847
816	0.892125777415
817	0.976618850468
818	1.00543925129
819	0.962765118784
820	0.946847749703
821	0.925148111115
822	0.902406178216
823	0.932160480991
824	0.997916619597
825	0.877624174476
826	0.850214479587
827	1.00030842654
828	1.01439554599
829	0.938371977114
830	0.953731482812
831	0.963640237692
832	0.88816324058
833	0.960206430153
834	0.836738218605
835	0.90317223564
836	0.88192773155
837	0.879126492301
838	0.862326653103
839	0.853309812733
840	0.804612575949
841	0.920266555758
842	0.820178544449
843	0.832653307427
844	0.823827786774
845	0.789819988367
846	0.925294075929
847	0.761961756738
848	0.824129150934
849	0.798312272459
850	0.785763687728
851	0.815401241763
852	0.831565918229
853	0.707404972256
854	0.832328134384
855	0.759860539933
856	0.876615674952
857	0.762702341383
858	0.711859712181
859	0.715407104139
860	0.806036509039
861	0.699235067917
862	0.708439971392
863	0.778004930431
864	0.580336309285
865	0.679599248392
866	0.726559464046
867	0.640698099244
868	0.649831609082
869	0.654540913699
870	0.657851385822
871	0.621171598581
872	0.657867869136
873	0.558428893394
874	0.620916654339
875	0.610886335929
876	0.547127294678
877	0.660646790651
878	0.452974829204
879	0.641137315119
880	0.592101310271
881	0.623284312012
882	0.471301760252
883	0.672052528027
884	0.469326414252
885	0.478635004191
886	0.525527043891
887	0.551026408434
888	0.521859346755
889	0.588530278702
890	0.40810993145
891	0.55807137201
892	0.460436589734
893	0.442200063742
894	0.441601616086
895	0.4958514564
896	0.402064925676
897	0.368530133162
898	0.446162181122
899	0.472956914064
900	0.328097238798
901	0.41303068363
902	0.302952683055
903	0.421616497817
904	0.399887965225
905	0.432965170785
906	0.40137528727
907	0.379388835068
908	0.295769107209
909	0.398490551346
910	0.335943185523
911	0.410779962462
912	0.30543719533
913	0.304434584422
914	0.417051217527
915	0.297860839025
916	0.325186623019
917	0.384636057115
918	0.171800871445
919	0.205104292047
920	0.214738870263
921	0.310413753802
922	0.172476958755
923	0.169039760267
924	0.102359809149
925	0.199328698852
926	0.182915024995
927	0.11638015201
928	0.147303472967
929	0.0623796569587
930	0.107376074013
931	0.102564067521
932	0.195856074166
933	0.154945094416
934	0.16579066042
935	0.015395334443
936	0.104790973739
937	-0.0140748848012
938	0.0300521651147
939	0.0733033801957
940	0.0305970446363
941	0.078509497926
942	0.0757464641916
943	0.0301543455502
944	-0.0148057949582
945	0.0820986634075
946	-0.0805793848375
947	-0.0606176871457
948	-0.0239725107386
949	-0.0230760849991
950	-0.0291801298309
951	-0.0244921226957
952	-0.090172181156
953	-0.123338990521
954	-0.106486604881
955	-0.13053725723
956	-0.104015497973
957	-0.117667161575
958	-0.211673816751
959	-0.154641199885
960	-0.207846278074
961	-0.171193902545
962	-0.177657506518
963	-0.213850014698
964	-0.220556279107
965	-0.254875218707
966	-0.248668625446
967	-0.199793707264
968	-0.147894822051
969	-0.173452318674
970	-0.35587596733
971	-0.262268358689
972	-0.304277597697
973	-0.352800079206
974	-0.300263493864
975	-0.266078605484
976	-0.270241998207
977	-0.371066723196
978	-0.388619545194
979	-0.40664185407
980	-0.347124330731
981	-0.387290287528
982	-0.374399251184
983	-0.447213470369
984	-0.483721513957
985	-0.403730781801
986	-0.388462998276
987	-0.3523111101
988	-0.434457985023
989	-0.448063208519
990	-0.493978207462
991	-0.421692850428
992	-0.425003271623
993	-0.477885354938
994	-0.47090769338
995	-0.534707080768
996	-0.444027864321
997	-0.586669455072
998	-0.569011797309
999	-0.5483467397
